[ 7
  [1 0]
  8
  [ 1
    [7 [8 [1 0 0] [1 6 [5 [1 0] 0 12] [0 13] 9 2 [0 2] [[8 [9 1.516 0 7] 9 2 [0 4] [0 28] 0 11] 4 0 13] 0 7] 0 1] 10 [1.953.718.630 1 6.579.297 [0 7] 0] 0 1]
    [ [ 7
        [ 8
          [1 0 0]
          [ 1
            6
            [6 [5 [0 12] 0 13] [1 1] 1 0]
            [ 6
              [ 8
                [ 1
                  6
                  [5 [1 0] 0 28]
                  [1 0]
                  6
                  [6 [6 [5 [1 0] 0 29] [1 1] 1 0] [6 [9 2 [0 2] [0 6] [[8 [9 1.516 0 15] 9 2 [0 4] [0 60] 0 11] 8 [9 1.516 0 15] 9 2 [0 4] [0 61] 0 11] 0 15] [1 0] 1 1] 1 1]
                  [1 0]
                  1
                  1
                ]
                9
                2
                0
                1
              ]
              [1 0]
              1
              1
            ]
            1
            1
          ]
          0
          1
        ]
        10
        [1.953.718.630 1 6.845.548 [0 7] 0]
        0
        1
      ]
      1
      7.496.034
    ]
    [7 [8 [1 0 0] [1 6 [5 [0 12] 0 13] [1 0] 6 [8 [9 20 0 7] 9 2 [0 4] [0 14] 0 11] [1 0] 1 1] 0 1] 10 [1.953.718.630 1 6.648.940 [0 7] 0] 0 1]
    [ 7
      [8 [1 1 1] [1 6 [5 [1 0] 0 13] [0 0] 8 [9 188 0 7] 9 2 [0 4] [[0 28] 7 [0 3] 8 [9 190 0 7] 9 2 [0 4] [[0 29] 7 [0 3] 8 [9 767 0 7] 9 2 [0 4] [0 14] 0 11] 0 11] 0 11] 0 1]
      10
      [1.953.718.630 1 6.582.125 [0 7] 0]
      0
      1
    ]
    [ [ 7
        [ 8
          [1 0 0]
          [ 1
            10
            [1.851.876.717 [1 [1 1.717.658.988] 7 [0 1] 8 [1 1 115 117 98 116 114 97 99 116 45 117 110 100 101 114 102 108 111 119 0] 9 2 0 1] 0 1]
            6
            [5 [1 0] 0 13]
            [0 12]
            9
            2
            [0 2]
            [[8 [9 1.516 0 7] 9 2 [0 4] [0 28] 0 11] 8 [9 1.516 0 7] 9 2 [0 4] [0 29] 0 11]
            0
            7
          ]
          0
          1
        ]
        10
        [1.953.718.630 1 6.452.595 [0 7] 0]
        0
        1
      ]
      [7 [8 [1 0 0] [1 6 [8 [9 20 0 7] 9 2 [0 4] [0 14] 0 11] [1 1] 1 0] 0 1] 10 [1.953.718.630 1 6.648.935 [0 7] 0] 0 1]
      [ [ 7
          [ 8
            [1 0]
            [ 1
              10
              [1.851.876.717 [1 [1 1.717.658.988] 7 [0 1] 8 [1 1 100 101 99 114 101 109 101 110 116 45 117 110 100 101 114 102 108 111 119 0] 9 2 0 1] 0 1]
              6
              [5 [1 0] 0 6]
              [0 0]
              8
              [1 0]
              8
              [1 6 [5 [0 30] 4 0 6] [0 6] 9 2 [0 2] [4 0 6] 0 7]
              9
              2
              0
              1
            ]
            0
            1
          ]
          10
          [1.953.718.630 1 6.514.020 [0 7] 0]
          0
          1
        ]
        7
        [8 [1 0 0] [1 6 [8 [9 20 0 7] 9 2 [0 4] [0 14] 0 11] [0 12] 0 13] 0 1]
        10
        [1.953.718.630 1 7.235.949 [0 7] 0]
        0
        1
      ]
      7
      [8 [1 0 0] [1 6 [8 [9 766 0 7] 9 2 [0 4] [0 14] 0 11] [0 12] 0 13] 0 1]
      10
      [1.953.718.630 1 7.889.261 [0 7] 0]
      0
      1
    ]
    [ 7
      [ 8
        [1 1 1]
        [1 8 [1 0] 8 [1 6 [5 [1 0] 0 60] [0 6] 9 2 [0 2] [8 [9 4 0 31] 9 2 [0 4] [[0 125] 0 14] 0 11] [0 14] [[8 [9 1.516 0 31] 9 2 [0 4] [0 124] 0 11] 0 61] 0 31] 9 2 0 1]
        0
        1
      ]
      10
      [1.953.718.630 1 7.107.949 [0 7] 0]
      0
      1
    ]
    [7 [8 [1 0 0] [1 [8 [9 767 0 7] 9 2 [0 4] [0 14] 0 11] 8 [9 46 0 7] 9 2 [0 4] [0 14] 0 11] 0 1] 10 [1.953.718.630 1 7.501.412 [0 7] 0] 0 1]
    [7 [8 [1 0 0] [1 6 [8 [9 22 0 7] 9 2 [0 4] [0 14] 0 11] [1 1] 1 0] 0 1] 10 [1.953.718.630 1 6.845.543 [0 7] 0] 0 1]
    7
    [ 8
      [1 1 1]
      [ 1
        10
        [1.851.876.717 [1 [1 1.717.658.988] 7 [0 1] 8 [1 1 100 105 118 105 100 101 45 98 121 45 122 101 114 111 0] 9 2 0 1] 0 1]
        6
        [5 [1 0] 0 13]
        [0 0]
        8
        [1 0]
        8
        [1 6 [8 [9 20 0 31] 9 2 [0 4] [0 62] 0 11] [0 6] 9 2 [0 2] [4 0 6] [0 14] [[8 [9 188 0 31] 9 2 [0 4] [0 62] 0 11] 0 61] 0 31]
        9
        2
        0
        1
      ]
      0
      1
    ]
    10
    [1.953.718.630 1 7.760.228 [0 7] 0]
    0
    1
  ]
  10
  [1.953.718.630 1 6.647.407 [1 0] 0]
  0
  1
]